2153	492310.5505	5422917.8778	319.5835
2163	492277.5256	5422902.8164	319.7735
2193	493023.5214	5422186.1114	351.1905
2203	492990.8709	5422077.8196	356.3545
2213	493510.4319	5422096.2579	359.0675
2223	493745.1716	5421745.4807	387.2695
2233	493591.7068	5421743.0600	391.3365
2253	492643.7889	5420253.5013	275.8045
2263	492506.2349	5419489.8708	389.7975
2264	492550.6279	5419460.8336	391.5875
2283	492458.7888	5419064.8757	389.1875
2293	493479.9141	5418886.8706	371.9765
2303	493438.6889	5419170.5063	375.1225
2309	492949.1571	5421736.2084	364.7050
2323	493010.8642	5420115.5750	275.5775
2353	493719.4699	5420087.0143	306.2095
2363	492782.0095	5420634.9431	275.7765
2373	492995.5167	5420481.2373	274.9135
2383	494328.9543	5419844.0690	345.7535
2393	494491.0076	5419878.4918	352.6445
2403	494332.9103	5421102.3371	274.5435
2409	492990.4824	5421339.4004	361.4920
2423	494364.1222	5420796.1838	274.3435
2433	494875.8417	5420316.2723	351.2795
2443	495150.6090	5420330.0168	350.8225
2463	494440.8884	5421581.9828	364.7085
2464	494428.9675	5421582.1585	365.3925
2474	494401.6669	5421580.9069	366.7945
2483	494636.5204	5419520.1835	384.0245
2493	494646.5496	5419522.9424	383.7205
2503	495689.2590	5422556.3273	335.6195
2513	495910.3939	5422604.4074	329.7315
2523	495975.4914	5422120.9095	303.5195
2533	495763.6333	5421885.6932	284.6875
2543	495913.1416	5423225.6576	317.9385
2553	495929.1775	5423174.8348	318.5395
2563	496666.0436	5422203.8440	312.6935
2583	498234.4838	5422233.9723	328.5255
2593	497876.3026	5422468.5848	330.4035
2633	496805.9003	5419016.0344	267.6605
2643	496810.8866	5418905.3406	267.8385
2653	496835.0809	5419335.8287	275.6025
2683	497676.3937	5418982.3246	284.8525
2693	497622.7613	5418925.6559	292.6225
2713	492324.5779	5419342.2576	406.2315
2723	495052.6823	5421418.5084	326.0715
2733	495102.6049	5421579.3319	328.8955
2743	495046.1914	5421266.6924	307.2645
2753	495397.4318	5421220.6968	273.4555
2773	495862.7723	5420404.0157	287.8935
2783	494326.3741	5420574.0129	346.3565
2803	495720.9304	5421639.2633	278.8425
2813	495687.8977	5421779.5736	281.4775
2833	496013.9424	5420838.4771	270.7925
2843	496305.9678	5420398.7084	271.2525
2853	496355.1505	5420593.9297	270.8805
2863	496420.1948	5420587.9465	271.5325
2873	496371.5198	5421749.6705	324.3685
2883	496533.9744	5421319.8434	327.6565
2893	496842.4791	5421357.9931	330.3745
2903	497136.5558	5420085.2486	282.2295
2913	497059.0367	5420665.1573	302.5815
2923	498806.9593	5422531.1506	333.0035
2999	495373.2779	5422393.4409	333.2995
3000	495373.0915	5422392.7996	333.2805
3002	494915.5940	5422418.0930	314.0155
3003	495984.5594	5422258.9517	312.7445
3004	496926.4102	5422189.5360	320.0315
3005	493502.9079	5420670.8835	273.4755
3006	497576.1552	5422281.4367	324.6325
3007	497298.9904	5421963.7707	333.2965
3008	496947.7149	5421776.2594	326.5765
3009	497488.3177	5420746.6174	349.6685
3010	497519.3221	5420497.8528	306.1225
3011	497631.0012	5419857.3139	279.5465
3012	494228.1243	5421902.0355	366.3375
3013	494734.9321	5422038.4780	321.0625
3015	495568.5906	5420755.7507	304.0495
3016	495143.8397	5420531.1712	344.2845
3018	497207.8341	5420465.6520	291.7445
3019	496927.7307	5420250.3295	281.7095
3020	494079.9651	5421040.0447	276.6105
3021	494117.9436	5422167.1551	340.9585
3022	494401.7103	5422370.0441	312.7935
3023	494031.5082	5419953.1484	328.7515
3024	495576.3013	5419872.4476	341.2225
3025	495072.0547	5419950.8885	371.4105
3026	496803.3368	5420876.5749	296.7475
9001	497423.7084	5421574.8353	347.2974
9002	497255.2036	5421572.7594	342.2675
101019	492483.5143	5419030.0151	383.4065
104029	493920.1157	5419123.8540	375.3985
105019	494342.6867	5418789.6162	332.8545
106019	494976.7271	5418887.7572	345.2505
107019	495483.0398	5418993.8647	346.7335
107029	495546.7929	5418933.4133	343.5775
108019	496136.8945	5418809.7928	340.4585
110019	497871.0372	5419229.3225	266.2645
111019	498002.0681	5418979.6042	298.6915
112019	498851.6723	5419025.7909	267.7335
113019	499278.4985	5419203.3279	276.5395
113029	499269.2196	5419175.9367	279.1795
205019	494474.2617	5420295.7534	345.6775
207019	495939.7862	5420161.0196	280.6365
207029	495602.7719	5420149.8066	296.4405
208019	496155.4336	5420064.7211	273.4255
209019	496747.2851	5419968.2456	291.2935
210019	497306.8727	5419903.5427	283.6245
211019	497918.5295	5419970.5442	295.1480
212019	498665.0052	5419944.5601	334.0765
213019	499115.7704	5420104.1155	321.7655
213029	499206.9334	5420026.7386	303.6715
302019	492676.0705	5421086.6690	281.9565
303019	493021.3492	5421020.5736	308.7875
304019	493812.2029	5421116.2775	275.8165
305019	494737.2639	5421000.8619	276.2075
306019	495049.4367	5421089.7954	272.5175
306029	494947.9250	5421061.9947	274.1045
307019	495762.5704	5421029.4222	270.8745
308019	496277.6299	5421219.9240	308.9285
309019	496713.6187	5421168.1880	312.8715
310019	497371.9867	5421166.7659	371.3515
311019	498095.9986	5421162.4516	382.8025
312019	498640.0913	5421171.8053	377.7615
313019	499109.8843	5421180.3219	371.3565
313029	499076.7452	5420822.4761	353.1375
313039	499156.7311	5421616.6854	360.5900
313049	499252.6373	5422385.4848	343.2080
401049	492414.9142	5422352.6177	278.5015
402019	492458.2668	5421703.1172	277.1055
403019	493314.1017	5422181.5076	353.8825
404019	493739.6394	5422185.4826	349.9295
405019	494604.5584	5422238.8627	319.2695
405109	494889.6243	5421683.0772	339.1485
405209	494790.6263	5421739.9587	344.7170
406019	495046.2298	5421954.1805	288.1905
408019	496299.3043	5422215.9884	293.4545
410019	497594.1778	5422190.3354	324.9935
411029	498100.5295	5422685.8574	331.6355
411039	498567.9587	5422155.1433	333.4625
412019	498660.3650	5422222.7995	337.2865
413029	498770.6719	5422047.9531	340.7845
502019	492708.4760	5423175.6266	315.9645
502029	492761.4110	5422992.0605	313.2205
503019	493291.6276	5423154.6543	306.4775
504019	493907.9057	5423345.1903	296.0655
504029	493859.2373	5423161.7771	296.0845
505019	494484.0630	5423288.3406	298.3695
506019	495007.5544	5422937.8523	309.4205
507019	495456.8123	5422943.3451	316.4260
508019	496460.4695	5423077.1559	314.7255
509019	496719.6333	5423073.3761	309.4685
510019	497319.9536	5423145.2592	300.4525
510029	497397.3891	5423193.5538	300.1715
511019	498116.5713	5423210.6075	308.9505
512019	498753.2899	5423043.6854	321.1725
513019	498932.4052	5423187.4883	314.2595
513029	499018.0112	5423168.8757	314.0775
2031019	493227.5072	5420462.9008	274.3515
2031079	493306.1924	5420780.9321	287.4925
2031089	493260.8589	5420744.7300	289.3255
2041019	493930.8443	5420673.1565	314.4965
2041029	493942.3775	5420676.4852	314.8385
2041039	494050.4403	5420274.6187	327.8605
2041059	494054.2540	5420122.7405	324.8165
2051049	494904.2140	5419942.6372	370.9315
3030109	493055.1006	5421478.5822	369.2135
3031049	493280.8988	5421152.8827	304.1355
3031069	493653.7628	5421153.4413	273.2195
3031079	493268.5739	5420877.4888	289.9405
3041029	493998.7793	5421424.2875	275.5925
3051019	494557.4207	5421062.3227	295.5025
4031019	493089.2954	5422223.4102	350.1415
4031059	493303.3710	5421501.5202	373.3605
4041019	493980.7067	5422270.0279	335.1095
4041069	493736.7440	5421639.5124	375.5245
4041079	494188.5630	5421735.9937	377.0605
4041089	494229.8748	5421576.8351	371.7685
4051029	494902.5842	5422259.8184	291.7845
